precision: [0.019141372709871478, 0.020406070549630846, 0.020836751435602954, 0.021192234071643425, 0.021475448259697643, 0.0220467596390484, 0.022286026797921795, 0.022579983593109105, 0.022559474979491387, 0.02276456111566858, 0.023064302391619863, 0.022969647251845776, 0.023079026524473613, 0.02312346185397867, 0.023054094484389324, 0.023094977668398506, 0.023153145373688528, 0.02324651353568499]
recall: [0.004254672542166844, 0.006047713113508585, 0.007719191612216988, 0.009421060629083726, 0.01113812490502963, 0.013067922808083879, 0.014860963379425619, 0.016729980246163196, 0.018386263485792434, 0.020240085093450842, 0.022215468773742593, 0.023826166236134327, 0.0256495973256344, 0.027412247378817808, 0.02903814010028871, 0.030800790153472115, 0.03259383072481386, 0.03444765233247227]
