precision = [0.011570056693277797, 0.011570056693277797, 0.011570056693277797, 0.011570056693277797, 0.011570056693277797, 0.011570056693277797, 0.011570056693277797, 0.011570056693277797, 0.011570056693277797, 0.011570056693277797, 0.011570056693277797, 0.011570056693277797, 0.011570056693277797, 0.011570056693277797, 0.011570056693277797, 0.011570056693277797, 0.011570056693277797, 0.011570056693277797]
recall = [0.014237915569160675, 0.014237915569160675, 0.014237915569160675, 0.014237915569160675, 0.014237915569160675, 0.014237915569160675, 0.014237915569160675, 0.014237915569160675, 0.014237915569160675, 0.014237915569160675, 0.014237915569160675, 0.014237915569160675, 0.014237915569160675, 0.014237915569160675, 0.014237915569160675, 0.014237915569160675, 0.014237915569160675, 0.014237915569160675]