precision: [0.00966183574879227, 0.010265700483091788, 0.009178743961352657, 0.00966183574879227, 0.009316770186335404, 0.010567632850241546, 0.011272141706924315, 0.011352657004830917, 0.011418533157663592, 0.011876006441223833, 0.011519881085098476, 0.012077294685990338, 0.012399355877616747, 0.012983091787439614, 0.012929809605001421, 0.013150831991411701, 0.013348588863463006, 0.013164251207729469]
recall: [0.001230138390568939, 0.001742696053305997, 0.00194771911840082, 0.002460276781137878, 0.002767811378780113, 0.0035879036391594054, 0.004305484366991286, 0.004818042029728345, 0.005330599692465402, 0.006048180420297283, 0.006355715017939518, 0.007175807278318811, 0.007893388006150692, 0.008815991799077397, 0.009328549461814455, 0.010046130189646335, 0.010763710917478216, 0.011173757047667862]
