precision = [0.010638297872340425, 0.012115839243498818, 0.011347517730496455, 0.011623325453112687, 0.01165146909827761, 0.012115839243498818, 0.012083004990806409, 0.012174940898345154, 0.01246507629486353, 0.012509850275807723, 0.012002182214948172, 0.012664640324214792, 0.012687155240346729, 0.013297872340425532, 0.013071895424836602, 0.013199369582348306, 0.013126788602712455, 0.013002364066193853]
recall = [0.0019221186018366912, 0.0029187726916779385, 0.003417099736598562, 0.004200185092902399, 0.004912080871360433, 0.005837545383355877, 0.006549441161813911, 0.007332526518117747, 0.00825799103011319, 0.009041076386417029, 0.009397024275646046, 0.010678436676870505, 0.011461522033174344, 0.012814124012244608, 0.013383640635011034, 0.014309105147006479, 0.015021000925464512, 0.015661707126076743]
