precision: [0.01024428684003152, 0.01182033096926714, 0.011583924349881796, 0.011426319936958234, 0.01165146909827761, 0.012263593380614658, 0.012214342001576044, 0.012174940898345154, 0.01246507629486353, 0.012509850275807723, 0.012002182214948172, 0.012833502195204323, 0.012687155240346729, 0.013371749408983452, 0.013071895424836602, 0.013265038087733123, 0.013126788602712455, 0.013002364066193853]
recall: [0.0017624728850325379, 0.0027114967462039045, 0.003321583514099783, 0.003931670281995662, 0.0046773318872017355, 0.005626355748373102, 0.006304229934924078, 0.006982104121475054, 0.007863340563991324, 0.008609002169197397, 0.008947939262472886, 0.010303687635574838, 0.010913774403470716, 0.012269522776572669, 0.01274403470715835, 0.013693058568329718, 0.014303145336225596, 0.014913232104121476]
