precision = [0.03333333333333333, 0.025, 0.022222222222222223, 0.016666666666666666, 0.013333333333333334, 0.011111111111111112, 0.014285714285714285, 0.014583333333333334, 0.016666666666666666, 0.015, 0.013636363636363636, 0.0125, 0.011538461538461539, 0.010714285714285714, 0.011111111111111112, 0.011458333333333333, 0.010784313725490196, 0.010185185185185186, 0.009649122807017544, 0.01]
recall = [0.03773584905660377, 0.05660377358490566, 0.07547169811320754, 0.07547169811320754, 0.07547169811320754, 0.07547169811320754, 0.11320754716981132, 0.1320754716981132, 0.16981132075471697, 0.16981132075471697, 0.16981132075471697, 0.16981132075471697, 0.16981132075471697, 0.16981132075471697, 0.18867924528301888, 0.20754716981132076, 0.20754716981132076, 0.20754716981132076, 0.20754716981132076, 0.22641509433962265]
